GID	LLGTH	NBL	TIL	DEPTH	LENGTH	NR_30	SBM	RB0020	RB2030	RB3050	RB	DRB	DRP	PB	R_S	CONE_AA	CONE_MS	CONE_P	CONE
1	71.83	7.28	7.04	29.57	30.26	5.17	1.697	0.1949	0.0125	-0.0014	0.2061	0.0112	6.33	1.9032	0.1221	26.19	41.92	32.79	33.51
2	106.22	8.81	13.9	40.26	42.45	14.77	4.7087	0.3949	0.0439	0.0156	0.4543	0.0595	11.38	5.1635	0.0991	22.76	33.71	32.04	29.41
10	80.67	6.88	4.59	44.64	46.57	13.05	1.1349	0.2039	0.0239	0.0102	0.238	0.0341	12.68	1.3693	0.2245	38.61	59.15	34.38	43.87
11	84.8	7.13	5.84	47.51	49.58	12.66	1.279	0.1354	0.0203	0.0078	0.1635	0.0281	21.72	1.4427	0.129	23.99	28.61	25.02	25.77
12	89.74	7.03	7.61	42.63	45.91	16.93	2.4037	0.2929	0.0334	0.0153	0.3415	0.0486	13.1	2.7456	0.1416	48.26	75.17	42.83	55.35
15	62.82	8.24	12.75	34.07	36.83	7.83	2.1996	0.2332	0.0195	0.0023	0.255	0.0218	7.79	2.4546	0.1202	57.85	61.43	58.68	59.32
22	81.69	7.16	5.95	48.97	51.17	15.01	1.3111	0.1556	0.0326	0.0172	0.2054	0.0498	23.12	1.5169	0.1653	16.52	20.86	19.17	19.35
25	61.75	7.73	4.64	31.67	30.52	1.43	0.7366	0.0823	0.0027	0	0.085	0.0028	3.45	0.8218	0.1153	16.5	31.18	18.09	18.78
31	65.45	7.61	3.63	38.16	37.95	7.94	0.7699	0.0837	0.0107	0.0018	0.0963	0.0126	13.66	0.8668	0.1255	44.42	44.89	34.96	41.32
34	56.79	7.54	6.71	31.84	32.37	3.05	0.887	0.105	0.0069	0.0008	0.1127	0.0077	4.72	1.0003	0.1352	43.3	53.06	39.4	45.74
35	77.97	7.75	4.58	37.59	43.99	11.82	1.2312	0.1245	0.0207	0.0113	0.1565	0.032	16.18	1.3881	0.1237	12.87	36.2	21.83	23.56
36	109.12	8.29	8.52	38.98	37.74	7.53	2.2165	0.2095	0.0143	0.0017	0.2256	0.0161	7.51	2.4424	0.1053	30.08	40.42	31.09	33.77
37	72.17	7.74	6.13	29.24	30.29	7.17	1.5838	0.187	0.013	0.003	0.2029	0.016	4.64	1.7872	0.1215	17.13	33.28	18.5	23.46
38	78.25	7.42	6.21	46.44	48.69	13.01	1.0914	0.1454	0.0368	0.0209	0.2018	0.0564	22.47	1.2935	0.1807	27.49	36.04	28.2	31.31
41	64.45	8.23	6.5	27.63	28.15	1.82	1.1645	0.247	0.004	-0.0012	0.2486	0.0016	1.37	1.4134	0.1791	67.95	69.51	57.16	65.03
42	75.09	7.7	3.63	47.45	49.85	24.14	1.5157	0.1653	0.0424	0.024	0.2315	0.0662	27.78	1.7476	0.161	64.81	51.27	51.57	56.45
43	80.8	7.43	5.91	32.32	34.78	6.02	1.1089	0.1147	0.0045	-0.0029	0.1163	0.0016	7.36	1.2253	0.1049	36.68	42.38	37.5	38.73
44	87.8	7.33	5.25	28.09	29.32	2.3	0.9161	0.0947	0.0058	0.0008	0.1013	0.0066	3.91	1.0136	0.0913	42.19	58.84	41.12	47.36
46	88.64	7.69	9.21	38.49	40.49	19.62	1.9895	0.2209	0.0317	0.0069	0.2595	0.0386	14.25	2.2494	0.1336	61.44	57.02	54.23	57.47
47	74.36	6.85	4.65	34.5	34.7	7.66	0.8817	0.0703	0.0075	0.0009	0.0786	0.0083	11.14	0.9605	0.0892	34.13	38.84	37.29	37.29
48	78.84	6.42	3.98	29.11	28.59	3.15	0.9527	0.0971	0.0059	-0.0019	0.101	0.0039	5.8	1.0543	0.1126	24.05	45.78	33.29	34.28
49	61.21	8.27	8.53	29.27	30.67	5.16	1.2581	0.1396	0.0336	-0.0003	0.1729	0.0333	19.34	1.4314	0.1424	43.03	45.61	35.34	41.23
51	82.89	7.47	10.48	31.36	31.09	3.15	2.3811	0.2439	0.0054	-0.0023	0.247	0.0031	1.32	2.6287	0.1045	22.61	32.56	27.25	27.38
53	66.87	8.05	7.92	33.18	34.9	6.98	1.3931	0.1593	0.0111	0.0008	0.1713	0.0119	6.11	1.5648	0.1212	28	35.61	26.05	29.8
54	94.88	7.86	8.28	50.32	49.53	19.16	2.389	0.2562	0.0502	0.0231	0.3295	0.0733	21.75	2.7189	0.1349	24.05	27.91	24.24	25.33
55	71.75	7.63	4.15	25.75	25.94	1.55	0.8457	0.0842	0.0048	0.002	0.0909	0.0067	2.93	0.937	0.1054	40.65	48.67	43.82	44.94
56	86.91	8.53	11.05	60.01	57.5	32.08	2.7713	0.1927	0.0709	0.0508	0.3144	0.1218	49.7	3.0819	0.1125	26.32	33.54	31.73	30.4
57	48.44	6.9	3.49	23.23	22.81	-0.93	0.5416	0.0368	0.0094	-0.0015	0.0458	0.009	11.36	0.5878	0.101	14.16	38.42	19.69	23.83
58	80.56	8.25	14.4	48.99	51	19.71	1.9994	0.1751	0.0213	0.0072	0.2035	0.0284	17.44	2.2031	0.1064	32.1	37.79	25.99	31.62
59	76.72	7.96	10.34	42.56	43.61	15	1.8763	0.1947	0.0278	0.0051	0.2275	0.0328	15.37	2.104	0.1222	29.36	42.18	29.21	34.06
60	76.53	7.15	11.47	41.48	42.82	16.4	2.4669	0.2127	0.0332	0.0126	0.2584	0.0457	15.82	2.7256	0.1097	56.14	56.86	49.85	54.84
62	80.78	7.53	10.22	43.82	50.95	22.32	2.5879	0.2556	0.0521	0.0261	0.334	0.0783	21.43	2.9222	0.1276	48.07	55.63	56.24	53.39
63	74.44	7.41	7.89	37	43.03	8.39	1.2585	0.138	0.0124	0.0035	0.1538	0.0158	9.51	1.4127	0.13	26.32	25.17	33.59	28.93
65	87.58	7.81	10.21	37.53	39.44	11.21	2.6314	0.2207	0.0331	0.0049	0.2587	0.038	13.17	2.8907	0.1072	51.65	73.18	50.16	58.24
66	84.64	7.86	9.27	40.36	41.53	11.72	2.1601	0.1578	0.0321	0.0099	0.1984	0.0407	18.22	2.3589	0.101	32.97	35.21	31.04	32.99
67	52.79	6.7	1.88	29.43	33.45	0.62	0.2993	0.0488	-0.0032	-0.0031	0.0425	-0.0063	4.05	0.3421	0.1407	49.76	47.75	48.57	48.61
70	75.4	8.11	6.13	31.18	30.3	1.34	1.2498	0.1515	0.0148	-0.0024	0.164	0.0124	9.42	1.4142	0.131	61.09	82.91	55.4	66.38
71	67.55	7.28	5.86	28.8	30.39	4.91	1.4078	0.1282	0.0079	-0.0015	0.1347	0.0065	4.95	1.5429	0.1002	36.58	42.1	33.28	37.22
72	82.4	7.85	8.14	37.27	39	10.31	1.8788	0.1951	0.0284	0.0088	0.2324	0.0373	14.44	2.1116	0.1205	29.23	36.81	35.96	33.85
73	83.8	7.58	6.34	37.01	41.78	8.16	1.4322	0.1586	0.0141	-0.0008	0.1719	0.0133	12.25	1.6043	0.1234	58.35	63.61	41.66	54.44
75	85.45	8.21	16.61	40.19	42.19	11.26	2.7784	0.2205	0.035	0.0069	0.2623	0.0419	14.85	3.0412	0.0933	21.29	57.67	23.8	34.76
76	58.87	5.5	0.96	30.63	33.79	1.9	0.0702	0.0086	-0.0014	-0.0023	0.0049	-0.0037	5.16	0.0752	0.1058	62.17	82.38	65.8	69.79
77	95.3	8.43	9.41	40.32	40.63	8.02	2.6454	0.2582	0.0209	0.0032	0.2824	0.0242	8.1	2.9279	0.1061	14.66	21.18	13.77	16.42
79	89.83	9.06	14.34	44.4	43.53	21.57	3.4332	0.2912	0.0397	0.0109	0.3417	0.0505	12.6	3.7753	0.0978	36.08	51.39	47.79	45.01
83	76.1	5.75	6.47	44.96	48.56	15.11	1.3349	0.1443	0.0387	0.021	0.2027	0.0585	22.21	1.538	0.1576	45.58	57.07	46.38	49.82
87	56.37	7.6	5.19	20.13	21.51	2.64	0.8628	0.0982	0.0048	0.0045	0.1076	0.0094	-0.09	0.9707	0.1147	76.16	80.96	66.89	75.17
89	68.54	8.81	20.95	30.97	33.77	4.01	2.7941	0.2911	0.0106	0.0027	0.3044	0.0133	3.71	3.0989	0.102	25.86	49.07	38.33	38.25
93	62.72	8.39	11.74	38.87	41.77	15.77	2.5685	0.3523	0.0326	0.0103	0.3954	0.0431	9.32	2.9642	0.1502	40.71	48.14	40.89	43.08
94	69.4	8.18	12.25	31.59	33.37	8.3	1.9815	0.2276	0.0143	0.0021	0.2439	0.0163	6.51	2.2216	0.1206	35.74	44.41	46.88	42.22
95	74.1	8.08	7.64	31.17	32.52	6.43	2.3274	0.2501	0.0131	0.001	0.2642	0.0141	3.95	2.5917	0.1183	28.22	43.38	28.53	33.23
98	80.31	7.86	4.22	29.36	30.55	5.7	1.6143	0.1882	0.0089	0.0006	0.1977	0.0095	4.09	1.8121	0.1279	69.34	67.27	54.68	63.82
101	62.88	8.08	17.03	25.96	25.01	1.56	2.0503	0.1819	0.0042	0.0026	0.1887	0.0068	0.67	2.2354	0.0884	34.43	41.72	31.39	35.75
103	72.71	7.56	12.4	37.62	39.53	16.86	2.6546	0.2887	0.0263	0.0061	0.3211	0.0324	7.67	2.9761	0.1222	44.15	48.66	44.1	45.89
106	75.7	7.52	8.9	27.13	27.5	2.07	2.0536	0.2038	0.0053	0.0007	0.2097	0.0059	1.97	2.2636	0.1043	17.04	32	26.91	25.25
107	76.49	8.15	13.27	31.9	35.78	10.49	3.0302	0.2695	0.0211	0.0051	0.2958	0.0263	6.32	3.3264	0.0932	26.11	40.49	31.86	32.91
108	87.68	7.92	9.42	47.68	49.2	24.58	2.3857	0.2546	0.0469	0.016	0.3175	0.0629	20.74	2.7033	0.1671	12.84	19.93	13.89	15.44
109	62.46	6.96	1.43	34.69	37.17	4.93	0.6526	0.059	0.0147	0.0017	0.0754	0.0164	16.92	0.7281	0.1228	17.46	32.97	18.53	23.04
110	82.46	7.23	6.31	50.17	51.18	19.1	1.5684	0.1581	0.0371	0.0197	0.215	0.0568	25.15	1.7837	0.1382	33.96	45.7	29.86	37.01
111	89.29	6.52	9.3	42.56	45	19.94	3.0646	0.3199	0.0469	0.0198	0.3854	0.0655	13.4	3.4503	0.1261	54.69	50.23	53.36	53.08
112	82.33	7.38	7.04	30.57	31.16	7.17	1.5557	0.1783	0.0092	-0.002	0.1857	0.0073	6.35	1.7415	0.1198	22.96	29.36	23.18	25.04
113	102.85	7.29	7.7	33	33.71	8.79	1.8689	0.1853	0.0074	-0.0037	0.1891	0.0038	5.79	2.0581	0.1014	22.79	35.64	22.3	26.79
114	73.9	7.53	5.72	33.77	34.64	6.23	1.3863	0.1507	0.015	0.0042	0.17	0.0193	5.62	1.5527	0.1052	32.88	42.58	38.84	38.18
115	84.58	8.43	10.45	37.46	38.99	8.68	2.3731	0.1839	0.0141	0.0005	0.1985	0.0146	10	2.5719	0.0869	25.72	37.43	33.1	32
116	85.5	8	6.32	41.25	41.78	13.81	1.9105	0.2365	0.0362	0.0087	0.2814	0.0448	14.27	2.1923	0.1546	38.21	42.9	47.39	43.57
118	78.46	7.08	8.04	42.3	42.37	13.01	1.8751	0.1674	0.0171	0.0051	0.1896	0.0223	10.6	2.0649	0.1006	25.02	34.72	28.85	29.8
119	77.21	7.69	4.23	43.86	46.64	15.1	1.1016	0.1211	0.0265	0.0105	0.1581	0.037	19.76	1.2601	0.1448	41.74	42.8	40.24	41.67
120	87.28	7.79	9.44	42.89	45.92	16.85	2.5671	0.2856	0.0471	0.0164	0.3491	0.0636	17.37	2.9166	0.144	23.56	45.13	29.01	32.4
123	74.27	7.62	3.63	31.24	32.69	5.28	0.6365	0.0518	0.0056	0.0012	0.0586	0.0068	7.12	0.6952	0.1059	16.92	23.03	22.04	21.13
125	84.77	7.04	6.3	30.6	29.88	7.31	1.7012	0.1586	0.0147	0.0038	0.1783	0.0197	6.46	1.8799	0.1033	31.52	39.21	29.17	32.96
127	88.88	8	10.73	44.79	48.4	20.46	3.5221	0.3327	0.0466	0.0238	0.4031	0.0704	17.89	3.9256	0.1223	40.9	50.68	45.67	45.36
128	76.79	7.74	4.21	39.56	42.9	12.19	1.5743	0.1665	0.0352	0.0185	0.2202	0.0537	17	1.7948	0.1465	28.86	39.11	28.22	32.15
129	81.2	6.61	4.76	27.98	29.82	0.23	1.0452	0.1119	0.0063	0.001	0.1204	0.0085	4.43	1.166	0.1122	36.82	42.21	30.17	36.13
130	84.43	7.06	9.73	36.7	36.7	11.89	1.9498	0.1658	0.0193	0.0028	0.1867	0.0208	9.28	2.1368	0.1027	30.55	38.73	39.89	37.19
132	91.77	8.4	7.58	44.59	40.54	15.82	2.5289	0.2494	0.0479	0.0138	0.311	0.0616	18.86	2.8403	0.1234	34.95	48	42.71	41.81
133	88.27	7.47	8.78	32.85	32.19	8.06	2.2147	0.252	0.0116	-0.0034	0.2602	0.0082	4.57	2.4755	0.1193	35.92	43.73	29.29	36.21
135	77.37	8.19	6.24	38.12	39.87	11.27	1.5992	0.189	0.0124	0.002	0.2036	0.0146	6.79	1.8031	0.1265	69.39	75.73	58.3	67.64
136	90.34	8.05	8.81	36.97	37.81	14.56	2.1022	0.2111	0.0229	0.0042	0.2381	0.0271	9.77	2.3405	0.1126	36.61	45.88	33.68	38.62
137	65.61	7.98	12.16	32.43	33.54	8.32	2.0837	0.2186	0.005	-0.0016	0.222	0.0034	1.21	2.306	0.1101	60.04	52.87	49.81	54.17
138	94.39	8.49	10.71	34.34	38.12	7.55	3.1112	0.2525	0.0273	0.0028	0.2826	0.0301	9.26	3.3944	0.0911	24.07	35.81	31.66	31.01
139	80.39	8.1	9.46	38.82	40.93	12.81	1.686	0.1938	0.0169	0.003	0.2137	0.0199	8.92	1.8959	0.1366	19.87	35.57	29	27.81
140	76.51	7.8	7.57	30.69	30.69	3.7	1.7721	0.1872	0.0061	-0.0006	0.1927	0.0055	3.11	1.9651	0.1105	56.06	74.84	69.23	66.62
142	87.95	8.04	12.7	39	41.41	20.29	3.7685	0.3329	0.0393	0.0099	0.3822	0.0493	12.65	4.1509	0.1045	29.86	29.8	26.34	28.54
144	92.24	8	6.17	52.11	54.93	19.47	1.9106	0.2101	0.0305	0.0115	0.2519	0.0418	18.91	2.163	0.1346	27.79	34.33	30.78	30.65
147	75.69	7.98	5.1	34.15	37.29	6.73	0.9691	0.1139	0.0114	0.0038	0.1292	0.0153	8.55	1.0987	0.1216	42.29	51.77	44.54	46.12
148	86.65	7.81	9.63	49.68	52.1	20.84	2.4241	0.2923	0.0596	0.0436	0.3955	0.1032	25.44	2.82	0.1605	42.05	45.77	27.58	38.38
149	66.74	7.8	7.67	28.79	29.5	1.56	1.1381	0.1301	0.0041	-0.0003	0.135	0.0049	3.18	1.2732	0.1157	31.96	50.22	39.73	40.14
150	72.75	8.27	9.6	38.47	38.21	12.71	1.8502	0.2027	0.0194	0.0013	0.2233	0.0206	10.66	2.0736	0.1215	49.25	49.93	52.87	50.13
151	86.27	8.07	14.09	44.68	47.19	24.23	3.3159	0.3187	0.0448	0.0122	0.3758	0.0571	15.26	3.692	0.1151	29.95	39.55	33.42	34.4
152	48.94	6.51	3.27	25.36	25.48	-1.78	0.4875	0.0223	-0.0004	-0.001	0.0195	-0.0028	3.39	0.5073	0.0927	50.37	69.31	47.2	50.97
154	75.98	7.23	7.73	28.35	28.93	2.43	1.3815	0.147	0.0056	-0.0002	0.1523	0.0053	2.65	1.5344	0.1142	63.05	77.21	68.42	70.11
155	94.26	7.55	16.36	57.17	59.32	35.64	3.6503	0.3504	0.0895	0.0568	0.4967	0.1463	31.75	4.1473	0.1379	34.96	41.51	42.48	39.5
156	83.52	8.18	7.1	43.59	47.03	14.1	1.5993	0.1629	0.0238	0.0113	0.198	0.0351	17.93	1.7975	0.125	29.12	34.27	33.4	32.15
158	76.14	8.05	4.12	40.56	42.14	13.02	1.0345	0.1402	0.0173	0.012	0.1697	0.0295	13.66	1.2043	0.1474	23.98	32.16	28.21	27.79
159	77.95	7.52	7.9	41.38	42.55	15.07	1.6339	0.1788	0.0251	0.0093	0.2131	0.0343	15.82	1.8474	0.1302	32.23	39.4	30.22	33.88
160	76.13	8.54	16.62	34.21	35.61	-1.11	3.1396	0.2868	0.0461	0.0071	0.3387	0.0519	13.8	3.4746	0.1084	47.43	64.42	45.59	52.62
162	68.83	7.28	6.27	38.01	37.31	8.75	1.1112	0.1307	0.0118	-0.0008	0.1417	0.011	10.39	1.2535	0.1348	46.92	61.55	43.97	50.48
163	94.61	6.93	2.81	29.67	32.28	1.6	1.2843	0.1209	0.0076	0.0024	0.131	0.01	5.6	1.4156	0.1049	41.2	43.88	31.98	39.53
165	70.03	7.14	1.83	25.67	27.27	-1.43	0.5574	0.0172	0.0014	-0.0003	0.0182	0.001	5.67	0.576	0.0819	33.44	46.2	27.17	35.58
166	92.12	8.37	14.8	45.24	48.48	28.93	4.1978	0.4916	0.0666	0.0212	0.5794	0.0878	14.74	4.7776	0.1367	78.63	81.74	83.88	82.09
167	64.79	7.35	8.94	38.25	39.39	9.53	1.0004	0.0908	0.0052	0.0025	0.0986	0.0077	9.55	1.0993	0.1051	40.14	46.39	38.77	41.68
168	71.94	7.44	3.79	32.52	33.34	6.81	0.9966	0.112	0.011	0.0006	0.1236	0.0116	8.99	1.1166	0.117	27.91	42.31	35.32	35.09
169	80.3	8.53	10.8	33.93	39.99	9.09	2.0905	0.207	0.0098	0.0005	0.2173	0.0103	5.49	2.3082	0.1027	35.38	37.32	37.63	36.87
170	61.21	7.17	3.87	43.99	45.03	11.01	0.8353	0.0831	0.0243	0.0087	0.116	0.033	23.42	0.9518	0.1445	14.76	31.42	18.45	22.05
171	55.28	7.95	11.51	31.39	32.01	2.72	1.2919	0.1392	0.0086	0.0001	0.1478	0.0086	6.15	1.4401	0.114	44.17	50.25	34.8	42.75
172	80.82	8.21	10.27	39.99	40.91	19.68	3.0645	0.3085	0.0378	0.0144	0.3607	0.0522	11.12	3.4256	0.1243	47.88	51.72	44.75	48.13
173	73.04	8.49	7.31	28.61	28.09	-0.23	1.347	0.1501	-0.0039	-0.0033	0.143	-0.0071	1.42	1.4903	0.1108	46.45	57.08	41.42	48.24
174	82.87	8.29	8.8	51.1	50.13	24.31	2.2898	0.2531	0.0652	0.0443	0.3639	0.1107	28.59	2.654	0.1633	32.54	41.94	25.84	33.11
177	93.41	7.73	5.1	59.86	56.39	15.91	2.5159	0.2415	0.0605	0.042	0.344	0.1025	25.53	2.8602	0.1367	14.77	20.79	19.33	18.22
179	69.76	7.95	6.63	28.26	29.09	0.61	1.0538	0.1107	0.0038	-0.0026	0.1119	0.0013	3.13	1.1662	0.1069	31.13	29.58	34.27	31.57
180	77.18	8.35	8.55	44.07	47.16	20.07	1.9745	0.2229	0.0207	0.0056	0.2492	0.0264	11.17	2.2241	0.1286	23.58	27.22	17.98	22.83
181	90.12	7.43	8.17	51.31	54.72	32.92	3.0665	0.3492	0.0891	0.0664	0.5047	0.1555	28.45	3.5716	0.173	30.96	41.53	31.71	34.58
184	79.75	8.23	13.38	50.96	51.91	11.86	1.7712	0.164	0.0213	0.0192	0.2044	0.0404	21.84	1.976	0.1143	24.03	34.05	26.7	28.18
187	57.46	7.49	5.23	33.36	33.89	4.1	0.7517	0.08	0.0143	0.0025	0.0968	0.0168	14.34	0.8489	0.1296	28.26	26.24	24.96	26.56
188	73.36	7.95	9.57	33.44	33.19	7.2	1.8248	0.1782	0.0054	-0.0002	0.1834	0.0052	2.5	2.0086	0.1051	32.21	35.46	36.2	34.54
189	89	9.11	20.83	50.68	53.88	16.98	3.6713	0.3125	0.041	0.025	0.3784	0.0659	17.07	4.0501	0.1031	27	33.62	30.78	31.04
190	76.04	7.79	10.72	40.19	40.34	12.9	2.6261	0.2542	0.0209	0.0047	0.2798	0.0256	7.42	2.9023	0.1104	31.33	47.5	36.24	38.26
191	74.96	6.58	7.1	35.36	36.34	7.91	1.4751	0.1823	0.0114	0.0006	0.1943	0.012	6.48	1.6697	0.1309	62.64	67.37	54.29	61.36
192	69.7	8.18	9.41	50.69	41.39	20.08	1.9306	0.1335	0.0326	0.021	0.1872	0.0537	23.05	2.1184	0.1053	26.09	28.15	22.69	25.78
193	78.47	7.68	10.67	36.31	40.42	13.42	2.3616	0.239	0.0184	0.0042	0.2616	0.0226	8.35	2.6235	0.1152	29.8	51.36	28.73	36.48
194	82.06	7.4	6.42	40.62	40.77	13.58	1.6498	0.1716	0.0232	0.0048	0.1995	0.0279	12.25	1.8497	0.119	40.68	40.86	35.58	38.96
195	73.16	8.28	12.05	36.26	36.85	13.58	2.1802	0.2354	0.0171	0.0004	0.2529	0.0175	7.4	2.4293	0.1132	45.23	63.98	68	58.94
196	59.52	7.38	3.07	32.7	32.4	3.07	0.7133	0.0694	0.0075	0.0007	0.0788	0.0093	7.64	0.7924	0.11	43.18	52.74	46.54	47.22
197	80.26	7.89	7.25	36.98	34.45	10.83	1.5914	0.1629	0.0176	0.0029	0.1846	0.0217	11.49	1.7761	0.1205	15.09	28.72	12.15	18.35
198	76.93	6.69	4.31	25.96	27.43	-0.03	0.7351	0.0939	0.0005	-0.0009	0.0935	-0.0004	0.27	0.8292	0.1374	71.31	72.29	67.87	70.57
200	79.74	7.35	6.17	40.86	43.53	16.47	2.1275	0.17	0.037	0.0098	0.2166	0.0466	20.22	2.3445	0.1052	27.08	29.68	29.29	28.37
201	75.65	7.14	6.37	39.25	41.35	12.94	1.7298	0.1939	0.0434	0.0126	0.25	0.0561	15.9	1.9801	0.1463	20.53	26.18	29.39	25.45
202	79.91	8.05	13.13	47.76	51.59	18.61	4.1065	0.3288	0.0452	0.0305	0.4044	0.0757	17.02	4.5113	0.0973	30.39	28.83	26.95	28.64
203	72.87	7.54	5.89	32.26	33.56	7.38	1.1459	0.1426	0.0082	-0.0018	0.149	0.0064	6.51	1.295	0.1337	49.85	54	48.85	50.78
204	84.3	7.46	6.37	42.34	42.52	15.31	1.4932	0.1604	0.0259	0.0049	0.1911	0.0307	17.48	1.6846	0.1309	35.89	42.47	36.73	38.05
206	67.54	8.02	7.24	44.15	46.28	18.82	1.7313	0.2309	0.0342	0.0086	0.2736	0.0428	16.29	2.0053	0.1651	40.2	49.32	26.85	38.71
207	85.56	7.75	9.81	43.32	45.78	18.11	2.0299	0.2723	0.0397	0.0117	0.3237	0.0514	15.59	2.3537	0.159	47.2	61.6	45.61	51.15
208	79.95	7.73	7.46	29.55	30.74	9.56	1.8652	0.1862	0.0164	-0.0001	0.2036	0.0174	7.26	2.069	0.109	30.69	45.2	31.3	35.44
209	87.6	6.96	4.7	47	48.56	16.69	1.2753	0.1873	0.0335	0.02	0.2408	0.0535	19.81	1.5165	0.1705	35.85	38.18	31.27	35
211	64.28	8.4	8.55	33.82	36.16	9.07	1.5819	0.1992	0.0197	0.0019	0.2209	0.0217	8.59	1.8032	0.1309	52.27	64.88	60.09	58.98
212	72.78	8.21	16.34	32.4	33.18	7.57	2.7259	0.2703	0.0197	0.0006	0.2906	0.0203	5.23	3.017	0.1069	40.85	45.93	44.28	43.62
216	63.26	8	9.92	26.62	27.22	1.08	1.3438	0.1371	0.0061	0.0027	0.1458	0.0087	2.24	1.49	0.1034	34.7	38.46	29.1	34
217	73.52	8.81	11.68	37.34	37.49	15.57	2.5383	0.3136	0.0337	0.0212	0.3673	0.0537	13.47	2.906	0.1398	35.38	46.22	47.49	43.19
218	74.89	8.35	9.5	24.52	29.53	2.35	2.1846	0.2486	0.0035	-0.002	0.2502	0.0015	0.49	2.4353	0.1206	58	63.05	64.16	61.65
219	73.01	7.66	6.69	35.91	38.48	6.48	1.2986	0.1517	0.0135	0.0001	0.1653	0.0136	11.11	1.464	0.1327	31.65	38.35	39.74	36.23
220	74.03	7.96	14.23	30.7	28.4	1.39	2.7568	0.237	0.005	0.0006	0.2413	0.0043	1.42	2.9984	0.0903	32.41	34.07	36.81	35.23
223	62.45	7.47	4.46	25.62	25.88	-2.56	0.9403	0.0956	0.0005	-0.0012	0.0949	-0.0007	1.15	1.0356	0.1119	21.51	25.47	18.08	21.78
224	69.51	7.83	9.68	32.49	34.47	6.11	1.9933	0.2312	0.019	0.0036	0.2537	0.0225	6.34	2.2476	0.1282	58.11	60.93	60.95	59.91
227	71.34	8.26	9.39	35.5	36.28	11.89	1.712	0.1724	0.0262	0.0018	0.2003	0.0279	12.72	1.9126	0.1258	39.56	45.28	42.89	43.14
228	69.5	8.12	11.9	26.29	27.88	0.53	2.3796	0.2019	0.0052	0.0007	0.2078	0.0059	1.39	2.5877	0.0925	51.66	57.03	42.18	50.38
229	72.45	7.41	7.55	37.26	38.1	4.47	1.3452	0.1612	0.0117	0.0029	0.1759	0.0146	6.69	1.5175	0.1239	42.09	46.38	36.44	41.53
231	65.35	8.54	13.37	36.5	40.25	13.94	2.5856	0.3115	0.0425	0.0072	0.3614	0.0499	9.5	2.9474	0.1329	36.68	38.44	41.1	38.82
233	71.29	8.3	14.43	40.9	41.66	19.16	2.5397	0.2881	0.0134	0.0054	0.3081	0.02	6.53	2.8481	0.1232	37.42	47.03	41.56	41.74
234	75.89	8.15	12.63	39.95	40.6	17.14	2.5312	0.2434	0.0246	0.0064	0.2743	0.0308	10.18	2.8059	0.1111	23.65	28.93	34.18	29.49
235	85.63	7.78	11.27	31.01	31.06	3.75	2.517	0.2629	0.0085	-0.0018	0.2695	0.0066	3.9	2.7871	0.1106	23.24	30.09	27.63	26.66
236	59.47	7.57	8.84	28.32	27.75	0.6	1.1827	0.1366	0.0053	-0.0011	0.142	0.0054	3.55	1.3253	0.1239	36.94	47.55	34.46	39.38
237	80.98	8.39	15.83	36.42	36.17	18.07	3.6985	0.2591	0.0413	0.0195	0.2976	0.0385	12.53	3.9965	0.0814	19.78	29.03	20.56	23.1
239	59.4	7.93	6.09	30.19	29.83	0.65	0.8977	0.1123	0.0062	0.0015	0.1201	0.0078	4.82	1.0182	0.1273	21.1	24.39	19.37	21.46
240	69.87	7.75	2.96	36.63	35.39	5.9	0.948	0.122	0.0137	0.0006	0.1364	0.0144	10.66	1.0845	0.1342	30.98	48.41	32.39	36.93
242	86.17	8.74	20.78	37.57	41.4	16.91	5.1303	0.3979	0.0289	0.0111	0.438	0.0401	6.18	5.5687	0.0837	40.04	37.03	38.56	38.46
243	60.93	7.17	4.01	29.46	29.42	1.57	0.6749	0.0819	0.0038	0.0017	0.0873	0.0055	2.92	0.7623	0.11	12.04	32.54	19.62	21.09
